19544
28889
12452
22188
13513
50311
25368
16406
41028
30952
18083
19701
22449
12452
6121
12452
6121
12452
20950
42942
21723
32874
44524
29704
12452
8612
32088
10080
45869
25619
16667
24152
13512
15072
46962
2589
31156
6121
33769
18083
20081
17988
18083
40848
24856
10034
38067
2589
20081
12424
25982
3223
12452
20392
6266
55071
16608
21160
21042
18083
15883
12452
12452
33674
27384
16167
9561
18602
23657
24510
18691
16604
29596
18083
32458
6435
16667
31683
2589
18083
11142
20318
15446
12163
-756
16328
6107
5351
29588
22945
16667
37073
47776
14958
-3760
38372
20392
3204
8453
20081
21997
2589
11142
12452
25326
30804
20083
21925
25256
19857
41479
18083
18824
16167
42758
12524
29052
33688
16829
16667
14515
16667
38350
13512
18945
2317
20795
45869
12452
25032
6121
12452
19813
20950
33997
36901
22150
18083
38759
22341
1473
34002
16667
23763
19371
18871
18556
31647
2589
27205
18083
21661
2421
11887
18083
27435
23825
12452
29819
24747
20083
20124
29052
21997
15919
23301
35962
24856
6435
-31
29649
26713
24378
34002
8453
16667
46962
37650
27384
42759
34232
29312
13408
14515
3158
13512
6089
71212
22057
15131
27435
11581
29704
28033
26713
15050
6121
27269
16335
13223
29774
11677
31982
18213
4336
40310
16171
26380
16667
12452
32905
41587
28889
21407
20950
12452
29187
17278
24437
16465
12452
18589
34002
16667
12452
27054
27054
33109
-5668
22527
37650
25982
13481
28851
21115
20083
67800
36086
12452
25256
16500
48327
19816
16500
7903
22150
48327
16604
7397
62172
16500
6812
27269
2317
38475
12452
27836
12452
15706
18556
6121
23334
1473
5114
11142
28401
29704
48327
17988
48327
24152
29960
16974
25541
29649
29656
49829
6121
24469
22188
27269
23763
11088
28654
15685
20921
25496
20683
18083
37650
12452
26447
11142
20920
18083
12452
29164
48327
65025
21997
-101
8453
18875
49357
30740
21593
32161
33105
18875
15685
24638
54513
33105
-2123
12452
13326
29704
12452
9710
14264
18213
6435
37650
14563
23322
12452
36180
35094
17306
14515
17145
26500
1219
23478
18602
16974
21836
21395
59936
42288
21239
37650
16539
31198
-572
20083
19395
22150
12583
16819
21722
14775
18875
14178
38075
26438
12452
26616
46700
-5476
12452
6812
12163
11142
12452
12452
51270
19456
44905
25099
12452
27781
13392
24311
19392
6121
12163
19701
42322
40514
6121
6121
24484
12452
16335
30361
67130
12452
23834
12452
20083
20731
18320
25368
13216
16667
12452
23615
30193
-101
26573
15058
16500
6121
2589
16489
14461
12163
2589
22956
26758
16667
16335
36711
32323
21239
36244
21836
18320
30742
42928
19456
13524
27054
12452
19930
21407
30767
21185
10743
6782
22527
19177
12872
69654
14184
30105
19456
20198
21836
20067
-269
12452
16596
19456
6121
19456
12452
27557
27406
30838
14184
15646
34532
33430
20198
16335
40514
11887
-101
18320
25496
16667
11533
22281
24326
26189
26189
20514
7302
12452
24889
21407
17796
12452
2589
30256
4792
20536
18320
12452
21246
24096
12452
29704
21185
6121
18466
18497
19238
17743
10192
13326
2317
21160
21299
30947
18320
18494
29704
24162
25751
26656
21722
27999
15072
19881
21836
10767
12244
40514
11142
16667
45373
22389
18320
11142
19456
16667
19392
6121
38121
6121
-269
24773
22442
6121
12452
36043
6507
14761
2589
22612
59331
19392
16667
6121
20514
2317
16847
6121
12163
27716
59597
-101
6121
20220
18320
38364
16328
25711
14178
16829
18130
19741
19124
22449
19813
15639
30701
12066
19456
18382
12452
19148
6121
42016
21836
25335
19395
46700
12452
7977
6121
19914
17881
53712
20083
53111
20083
18320
27039
17443
6121
18320
38364
26108
15844
15526
21407
8361
18026
12452
21649
11142
35529
28529
12452
24169
13641
50216
21836
14959
36571
12452
32178
14563
30662
16667
12524
16974
39296
44220
20843
27999
21015
25697
20067
60070
40514
63067
30256
12163
11270
21942
24773
12452
12452
19456
15549
18320
21836
6266
-101
14178
22460
24471
24169
19456
16171
40514
23998
19238
18998
6121
22527
19922
10862
12452
40514
6398
12452
8601
14184
12452
20514
16206
16667
12452
40514
22147
18382
13806
18320
19124
2589
19701
12338
40514
16837
4473
16339
42016
63056
6121
12066
17566
11142
12452
20083
27263
21836
13325
11887
18320
19456
26386
15222
40514
12452
12452
20220
46395
20054
21785
26189
23998
6121
11142
31198
22663
23714
12452
16465
19456
30776
5532
20220
29819
16892
21246
26118
12452
42016
46700
18076
20220
6121
19392
18382
10030
30105
19238
21582
12452
23050
46700
15921
-4213
21836
35848
51270
44320
12452
15847
12163
28201
26447
2589
11142
33035
27120
12452
24551
19666
19813
19456
4254
12452
33279
12163
11142
52456
12452
20514
25943
19456
31190
28044
24856
12452
12452
42041
21922
15342
7326
40514
40310
30005
12452
6121
17584
22579
27454
28499
14375
28347
40630
19238
2589
40514
12452
11142
6121
16921
18382
12452
21836
10192
18606
18320
21246
35959
20220
25092
13408
12452
16667
22449
26716
27980
12163
-2123
16919
29853
18375
6121
20083
16974
33279
24311
36571
18320
13559
24326
26014
27120
16974
18169
30952
12452
38114
40514
19392
19238
16974
20950
33578
20309
28544
24551
12163
30445
25814
19456
7796
12452
21842
23051
27055
6554
69861
12452
19830
12872
59987
19701
12452
53854
12452
18320
12452
12163
14721
25092
23898
22927
30452
3448
14336
18320
56425
12452
14184
16974
34946
12163
-1403
21836
10033
19741
19392
6121
45373
30282
21769
6435
40514
12338
21299
6121
16701
6121
18320
12452
60318
13229
42499
12452
29554
6672
12452
23348
14515
24536
13392
12452
12452
22843
41587
24355
12452
11142
23051
12452
53770
19456
30952
23377
27999
12452
16667
16974
11142
21836
14392
16974
25398
24217
12452
17217
9647
24096
30452
19456
30033
21836
12452
19456
23445
16339
53111
24669
31106
9120
21185
7952
17730
18382
23834
16932
40514
16500
15371
59987
53111
11142
22927
40514
19456
23726
10616
22592
30105
16328
-101
14599
26184
28741
23252
12452
23434
18320
42856
22185
18675
13677
15503
12452
13996
42016
27999
29822
22956
12452
8601
19456
34385
38364
22073
12852
14843
26378
18320
12163
42016
23619
15061
12452
16700
15272
12684
26014
20445
20501
20950
23843
27263
17742
31567
14461
17888
20846
19914
30428
6121
18320
26244
22147
35992
44905
20054
15051
16778
6121
16974
16667
19238
6121
12870
23712
27241
13428
-101
12163
18320
20091
16584
27241
38114
23050
29645
21836
27999
1178
30524
12452
15930
2589
14515
12452
12452
19456
12452
23376
27795
26447
40514
6121
26189
17758
14184
11717
15692
36711
12452
19701
35196
21769
2589
12452
6121
19238
19392
35241
10612
15757
19456
12452
41672
38720
18320
19456
30439
18423
13854
15585
17443
20950
11942
12066
12452
27241
40514
21523
12163
6121
12452
12452
39687
30539
26465
2589
20950
-269
12452
12452
19456
6121
25350
12452
13229
27224
53780
26189
12452
7178
13253
24062
13053
12452
14184
12452
21836
21769
14712
21194
12452
12452
12452
19693
10455
30105
27204
12478
-101
26465
6121
31238
8814
20329
12786
26184
19456
12163
31828
12452
36711
40514
20950
2580
18320
11142
19340
27073
13325
21836
20091
16500
2589
41380
33895
18132
24198
29962
12163
58444
12452
12452
20897
12452
21836
6121
23726
42016
18320
7415
18382
11142
12452
-101
12452
12452
56899
19395
15526
14392
33769
12452
16339
12452
19392
3613
10898
56425
18132
28917
10080
30256
6121
18320
-3942
46700
-269
35529
12452
24371
24311
21836
26465
26659
22073
20220
16608
11142
28861
12163
20423
23726
51270
17515
17883
30947
17159
6121
25898
22906
29966
36086
12452
12452
2589
42498
6121
12452
24551
12452
12452
65837
6435
16339
27241
15941
31372
19355
13037
15353
36086
12452
29759
22945
33279
20846
12452
12452
15051
25226
13399
12163
31430
30297
14375
32704
25226
2589
12163
18320
24371
17515
31801
12452
12163
13037
18382
28721
18320
48319
17883
1338
14375
56425
39149
22377
26465
51518
25092
42928
41290
6121
18132
17321
25696
2589
6266
15526
19693
15830
18320
12452
20220
6121
2589
24217
17883
695
25398
21194
46700
36086
12452
16700
19238
12452
11938
32564
13923
12452
12452
8442
29822
26465
20950
19714
19525
27241
19525
19790
12452
40514
5114
29962
2589
12452
27999
15685
36086
2589
28431
21836
22460
27241
4254
23834
21414
17730
14184
12452
2589
14392
20957
21836
2589
11142
676
13559
29295
20897
11344
41743
12452
18320
28970
18320
21836
14461
20091
12870
32704
12452
20897
33046
19456
28347
13524
22710
42016
17007
2589
26447
20160
-269
6812
5716
16206
29978
2589
28149
19456
21398
20613
26465
26777
28851
25177
19576
21836
25368
40514
12461
22420
30005
22549
12452
19392
18875
28532
23336
12452
21785
5114
46700
22305
18169
20160
23202
14288
9772
9671
6121
19908
29759
36244
16589
6121
24319
26310
2589
12452
19238
12251
12452
12452
13505
39215
4559
6127
57552
26843
30375
22914
22262
32025
36937
24777
27579
72315
28715
65684
39504
21711
45345
21711
26476
15380
28659
32916
21711
27448
37095
31840
42294
21711
28134
11848
26907
28654
47208
22067
22000
28715
54276
9158
75096
28497
27589
21769
33470
32310
61795
55959
21711
15380
31931
34955
30981
21711
21711
20157
21711
27579
24011
8990
32607
24944
33271
23437
12204
27579
25598
36247
23421
35445
18167
24228
26507
21711
21711
33428
21711
31395
17194
21711
33570
20721
27579
31201
27579
28715
44710
40063
23539
21711
56439
11848
44500
38120
11848
41481
36887
21711
28715
15380
23076
51544
21711
42294
27579
29350
17890
42152
19577
32025
18930
21362
40497
15134
28715
24951
42152
23443
29773
21711
42040
21711
35280
15507
42233
27579
30657
56613
20415
28436
21711
30618
34814
19788
20401
24785
30679
21711
28497
33428
44879
36472
21422
21422
15380
25848
20721
22519
21711
34288
22772
37690
43666
26178
21711
23634
34123
11848
35778
31681
33157
21370
33235
29402
45673
21711
41087
20401
21711
8990
21711
28215
32568
46725
21973
27579
11848
35778
49773
28651
21711
28960
41267
47147
21711
35706
23437
38616
21985
19529
29047
21711
51275
10437
10437
42464
31042
35724
31201
22359
37258
45444
32985
33630
36500
28715
15380
32215
29167
38110
12393
42040
28651
33428
41724
21422
42040
36184
34712
44186
39221
47623
27579
32235
15380
9110
19820
39069
26524
39287
27294
9104
15435
15435
9104
44655
19985
2714
40932
29108
17444
29642
30682
12545
15435
20869
19875
29909
15435
15435
21365
21303
16375
31151
66039
33239
21303
22439
27101
16308
9104
2714
15435
22439
25759
21858
25008
16330
47440
14125
9104
33230
15917
15435
28436
15435
43497
22439
34627
18092
17167
12218
49683
15853
32340
19534
22375
15435
24459
16052
19957
12545
19957
6131
20774
14653
47311
32041
29448
57050
22439
4161
25960
22439
15435
15435
24819
15435
14818
21407
15146
29169
66039
49683
23933
15435
48067
27354
21834
19318
31969
28436
17158
41875
44126
22439
19258
29448
30509
24785
32243
50785
15559
27251
11663
44575
26042
32084
5572
19915
15435
31646
15853
34628
33265
19318
11663
38975
19875
19322
19322
54628
11794
15435
12545
19189
15435
15435
49683
33230
-845
25928
25403
34221
19875
19683
31515
21365
14223
9104
9104
28719
19957
32998
24819
21115
26208
9104
15435
15853
15435
29448
15828
24819
19318
2714
17960
33230
17167
9571
23238
2882
24819
42504
26817
15435
25008
21303
15435
22375
31414
55369
15435
22773
12218
36463
15435
30827
17746
27361
22881
51673
35809
25403
15435
6131
22439
26995
11015
15385
24944
15435
27652
31243
4619
33696
44387
19322
24825
15435
23933
25681
14445
27152
15435
9571
19915
17603
26000
19318
9104
38512
5132
16277
14139
22694
33079
21886
29448
22375
21303
14125
22375
21565
2714
30543
18260
43497
27152
2882
21303
18007
21303
59408
32599
16619
14168
27253
28497
20362
12756
26476
40548
15146
60039
21303
15559
30585
20532
24032
16216
21303
6131
19684
15435
38120
50785
15435
31676
17222
21303
23030
33579
16750
13114
20426
23174
33239
18407
21303
54828
15498
23933
22959
28497
26317
24819
9104
25611
24116
15435
14601
18668
35866
15010
27309
32278
17826
28298
25532
27224
16216
15435
52510
15435
8097
25928
15435
33691
29866
26746
26709
16979
21303
38571
64924
13114
20786
32959
18917
21303
25681
29448
19273
41295
32945
18463
35733
9104
29172
-178
2882
34181
49683
19957
14139
14644
28497
30585
15227
15498
12545
19318
52565
9104
15435
12218
15463
48051
9104
15435
19318
61427
40449
22897
53039
19572
28112
27309
22439
23880
28497
48067
21303
26000
32508
9104
4161
17375
15435
61580
19318
10274
15146
22799
53199
21115
14125
20426
31922
15393
21914
22773
28075
19318
35057
25381
45481
8789
16199
24210
20426
25405
71527
10528
15435
26746
23614
4161
30224
22439
27052
22160
14125
16488
35764
25681
44808
14641
24819
40449
22773
15435
42093
18195
35669
15435
31128
21858
39069
25681
2882
28960
24785
8726
16199
7946
15435
14445
25681
5572
20506
26417
30224
33228
15483
22439
29106
35161
21152
22284
18260
21303
38031
31766
32797
19893
33592
15435
21303
18616
17167
30521
2882
15435
14818
21313
16789
25360
15435
22615
13881
15146
16111
21623
52790
21303
15435
14935
17769
54732
21303
29106
15525
23694
8581
60779
22799
25360
27407
30787
15146
17444
26034
30846
28316
26476
50785
28557
9571
11197
32276
21365
21999
32448
43497
21303
27657
21303
33645
23596
26417
18260
15435
32508
5935
15435
37258
15435
28309
21303
23933
6206
19306
44934
48004
10739
23455
44156
20786
25928
28719
44126
46550
11219
30389
15435
31418
15525
28907
26999
15435
21686
21858
16478
22160
30611
16308
23395
9104
8705
19306
15435
39146
15435
19306
27621
23367
2714
25681
29812
50679
16243
27535
16243
52236
16177
25681
15483
39069
21686
15435
22456
29066
38603
28497
23933
70225
25403
30378
28006
18248
52552
26695
12545
15435
18463
23547
52031
21303
51599
22891
15435
15905
32964
9104
25759
27091
9104
21686
2882
22841
34864
14125
40449
23880
18998
15435
17513
19306
15435
26775
34221
16253
17444
28908
13789
18260
25303
24981
20631
40710
15435
15435
15435
25794
15435
9179
20364
22248
23547
21303
51599
15435
23760
15435
15435
25643
30091
5569
23069
29066
30336
23234
39600
21303
13513
40364
17161
29812
26289
16371
21777
6597
19306
18900
32297
17911
15435
15698
15435
44934
21028
32591
21303
21303
36465
46550
28613
11436
26499
15435
51599
22676
9104
35234
56906
14125
12654
30444
15435
15044
19764
7501
18232
15435
18629
22777
28908
27753
26034
21686
20046
15435
16889
51098
15435
23196
53528
47652
47652
21686
28006
30302
9104
14344
25062
15435
23198
15435
30918
5426
15272
25681
27847
35845
19764
22338
23547
24942
20142
10120
18357
16056
35018
16083
27080
16542
37180
24785
11663
15435
60552
15435
19306
14445
18232
37579
23933
42406
26641
15435
25403
23522
17758
30585
9104
25928
15435
26746
47204
30103
169
13469
21303
23933
17120
56906
13881
9104
21686
15435
27603
11797
23438
24965
9104
46550
15435
20266
49605
12131
19779
24522
21115
40364
20992
9104
23219
32455
35845
16199
23765
23880
21686
2714
26702
15435
19306
15435
29207
28505
21303
25129
34374
50890
18463
20266
15435
18019
15435
15435
35875
16080
14445
37640
15435
970
15435
15435
29471
15146
27753
18863
19957
30315
15525
30585
14961
32797
11695
15435
25303
15435
36203
-10110
25562
44934
6131
15435
15435
21303
22383
40364
21303
35869
19359
21858
15435
27376
24948
15525
30760
69711
21686
21686
9104
15435
52031
5572
18894
24513
10636
40364
23410
27212
13016
15435
15435
20070
15435
40873
28620
28969
38187
9104
22248
9191
8097
25403
28960
18260
28497
16020
20070
9658
15435
15435
27929
21115
10297
16243
22248
30444
16542
15435
18668
18668
19242
45003
32885
15019
19359
14125
16458
19306
23829
21303
9104
15435
27072
14709
18260
17242
35735
33296
15435
21858
19306
36694
15435
15435
15435
22248
24286
15435
21923
-178
25681
17746
15435
15435
10500
15435
51599
18600
15435
4161
18860
21303
32600
15661
21303
15435
28543
28505
25958
46550
15435
19306
27376
30585
16189
17621
26889
18260
15435
25532
29756
59837
15435
40225
31372
16488
23885
30918
27294
15435
9104
19572
11197
17444
15435
13091
15552
15435
15435
15435
9104
28960
52236
8097
21686
21115
22182
8097
15435
25794
18432
30054
25759
15435
27535
46550
26746
50968
15435
15146
14961
19306
29828
15435
27657
30585
41837
16189
15435
8691
19306
15435
10549
15661
12767
4237
22861
27658
15435
22640
30611
27181
15435
34528
20105
28613
35473
15435
44117
19306
15146
24785
34759
18232
9104
35876
15435
9104
28620
41837
23933
22160
15435
22495
15525
12372
19751
9104
14125
15488
13418
18019
15435
12673
15435
40364
15435
15146
9104
15435
33428
16036
20070
18260
17229
40913
21303
19306
15435
15525
31232
30378
21115
19663
21686
16260
39562
15463
32737
8699
32102
29125
14125
15435
15373
24176
23056
22383
24650
15944
19242
14125
19306
33761
50890
17444
40633
17444
25562
15435
48630
20041
9571
22773
17293
15483
15435
25968
16602
29024
28497
15146
20057
15435
15146
9104
15435
31679
19830
16488
19306
24785
33533
47204
23866
18232
33570
15435
15998
371
53528
18232
2714
15435
17603
15435
17161
25403
15435
15435
20411
29040
25759
31515
29255
23933
48775
19360
6131
20697
11219
25532
6131
25268
26735
35733
19306
22272
21303
2714
19683
13469
14445
25681
4161
13881
15435
48775
18568
56906
42235
19318
50952
25681
15435
11436
24449
15435
23933
21303
22182
15435
31813
15435
29684
30091
40364
18232
15435
15435
47204
49110
39255
53600
33670
30570
48540
40031
27294
42646
16233
22495
4161
32802
16700
25222
31927
6131
15435
22922
17500
25062
39330
27388
29640
15435
25759
24397
25681
21640
20779
15435
14125
24019
24121
50890
39508
9104
15435
9104
20222
15435
28216
46550
18260
27091
19902
26476
25222
16189
21686
25095
23557
9104
9571
40364
15435
15435
25681
15435
22773
40364
40489
15435
19306
29172
6131
22856
19306
19306
21685
21111
19306
15563
14641
21303
8106
21303
21686
21686
21303
4710
17293
10461
23557
17444
24274
9104
23410
15435
25759
12218
46550
15995
12187
28951
26476
9834
15435
37733
25303
46550
18232
46550
25681
27212
19189
50890
23880
48492
25681
31170
9104
26805
21686
18453
12161
25062
3481
31646
9104
26167
28673
24785
16199
24221
19730
15435
22272
21686
15435
15525
29822
37258
15146
9072
34863
20786
40364
24506
21115
34296
9104
21303
15435
30641
40364
40364
15435
29301
22773
23557
35637
40364
41561
19194
9104
12218
18260
25939
36314
17746
25681
15435
23933
42855
37832
27273
2714
16602
33887
28425
15435
28694
31814
19957
23547
18453
16542
28591
16458
24176
24274
28691
25403
19684
33778
2882
38077
29812
15435
23933
12545
9104
15435
15435
19820
25928
15435
23623
4373
25681
23880
13841
13955
36314
26974
18092
40873
28497
9834
4161
16789
18232
13512
22495
27440
15435
21303
28541
30570
15435
29812
37258
16020
27132
9104
47204
28541
19683
17242
15146
28505
18260
2882
17942
46779
28178
40364
31131
30176
30592
26973
37169
19273
19683
29564
61791
17746
39330
13469
11021
15435
41139
15435
9104
14836
11663
21303
15435
16995
15435
22773
27091
29179
6131
15435
14445
22011
26289
19957
26417
28497
29319
34374
17310
26417
45962
28497
18232
21686
21772
17293
22773
15488
44387
15435
20884
15525
15435
28010
40252
14125
2882
15435
46779
21686
15435
23933
6840
15146
23557
21303
44918
15435
15435
9104
30086
20614
32885
40521
23880
32458
9104
14125
16542
23547
31646
26974
19434
40364
23547
15435
9104
10935
51119
24464
28298
15435
3553
15435
63737
23557
15435
14344
25308
11012
33533
26746
40364
10636
42093
9104
31814
30176
36340
51537
14125
23933
15435
40619
18232
15435
30176
14653
15435
-3344
15435
9104
20128
51119
15435
27132
17758
15435
41900
50975
31855
24019
18863
24464
23522
15435
15435
20083
4386
16542
23557
28505
9104
30315
14308
51386
21303
6131
18708
44769
9072
21858
39069
29909
25532
15166
15049
20057
5572
45713
11237
22160
27420
15146
17444
31678
28673
59301
9104
34924
45582
15435
16679
18232
14445
-7543
34296
27294
40449
11488
32885
21303
42836
34511
30176
31212
23522
29179
25834
15435
31508
15435
44918
28895
20128
15435
15435
15435
25062
9104
31212
38999
2714
34924
15435
29075
14609
29471
33761
26746
32186
15435
25815
22773
22989
7230
15049
16364
48540
20565
23933
6131
9104
21303
-12843
40521
5572
9104
15435
15435
29448
15435
14125
15435
21952
24416
19985
40364
34170
19226
15435
20614
9104
26571
23547
21686
23557
11771
22946
15435
30260
40449
26602
30729
17444
40077
15435
48540
25681
35387
40489
25308
32465
31686
31508
31212
31102
27652
19389
49494
15435
40317
58593
22856
15435
25681
7237
21686
25062
42199
16189
15435
11932
40589
15435
46779
9104
15435
11219
12499
41561
-37035
20128
32186
35387
20364
15435
46894
22699
40364
18260
40364
27603
34924
46779
9110
9079
15146
53551
21303
5339
15435
25643
21303
15435
15435
25268
18935
9104
15049
21303
13881
15435
21686
34727
20965
17989
47489
8940
21303
25928
30113
15435
14125
15435
12452
26034
40489
15435
35215
35167
31686
36440
17500
21303
18126
15435
15435
16857
46779
22448
21686
28691
15435
9104
20041
12218
49657
51119
9104
31102
34043
35733
21952
15435
15435
15816
20411
15661
21303
31686
31834
21303
15435
3462
25403
15435
26916
31212
16189
15435
40565
29812
41653
20128
49273
15435
2714
17293
17120
21917
29298
19318
25681
19318
15435
42819
5956
15435
36078
15435
22101
20070
2882
86523
22272
164
21303
21303
24865
35547
14125
39069
45311
5572
15435
41291
21303
25681
28895
15435
40364
31212
35387
35387
15435
19306
10641
31212
39793
34511
51430
19019
26172
15435
15435
21372
20128
15435
15698
18092
15676
41189
33170
29171
27080
15435
22284
35448
25403
24942
42348
19194
22391
13881
6131
4161
21303
40384
21303
22599
15435
26037
34043
15435
31515
11877
14948
23924
16189
15435
48448
21952
34043
15966
35018
46779
9110
34827
22495
18232
46779
30176
15435
10593
9104
23933
40364
41228
19242
22272
22508
9104
29448
15435
31212
30647
9104
29066
9104
17621
53551
40364
15435
9104
31607
22777
15435
20032
48823
25834
21303
12720
22053
23232
19242
34846
38394
24865
40364
15435
38396
34560
19242
34413
26571
34924
16604
41012
32387
26417
47204
15435
27294
17081
29106
39049
39069
28464
51119
45529
15435
9104
24032
16044
47308
45044
48059
42199
31686
23914
43685
40521
19318
36632
32186
18342
21303
23547
47308
27388
29502
18863
21172
36531
34924
18629
25681
21686
16542
13339
23557
13881
27895
15435
25681
22508
19019
15435
23880
30014
44113
43488
22835
36293
40364
15459
33418
23232
14641
15515
42138
31212
27917
35933
27388
47308
16308
20180
15459
15435
40565
9104
15435
25303
19400
15435
30176
9104
4161
18232
21686
45351
5572
23547
10061
14125
21913
14836
29448
44333
40495
28259
30302
51119
28178
23933
19019
9571
40563
28538
21952
15146
38307
27895
25403
16857
45458
51119
22599
9104
24259
27388
51119
40364
15459
24692
21858
22773
15435
22478
32869
27294
22699
30315
46779
44807
36661
50952
44800
48987
19217
44513
8817
15146
36293
31571
18342
20351
18126
60027
47308
60027
35441
18061
15435
11663
22310
15435
15435
17603
38144
15435
26602
15435
21923
33228
32885
15435
36328
30613
49989
9104
40031
51119
16542
22646
32885
18461
31515
18672
23137
21115
21858
30611
33902
25308
15435
15435
15146
17029
21913
25889
15767
21686
15435
21952
34424
15435
16308
20070
9104
11663
40364
32186
46779
31606
15435
21111
15435
25303
15146
22697
25403
37718
28079
29145
16181
20351
9104
5752
26198
12868
46779
24449
15435
21952
23547
24975
20180
65233
40252
15435
10770
19683
15435
15146
15491
24464
15435
13114
21686
30176
15435
21686
46779
21303
15435
21686
15435
30611
15435
20351
19356
-7116
6131
8097
26974
11663
22248
21303
33885
21104
15435
15435
31814
24989
21952
18469
43922
22391
15435
37081
39884
15435
40364
21408
36486
22391
43685
21923
15435
10713
21303
15435
15435
22272
35047
17444
29298
16304
40807
49273
17831
15435
9104
22845
12397
10641
29890
44117
28008
15459
20128
24950
15435
44998
3952
30176
21686
18636
35205
15435
29448
49989
15435
34924
23547
15542
21303
20128
26746
24449
18232
15435
25889
21303
18525
9104
49273
9104
22391
23547
15435
11663
-5519
45740
32949
38888
25727
26417
34924
27137
22773
35933
29909
9916
41623
80929
17672
15435
44547
15435
13215
32186
27414
50559
19820
47204
34924
34221
9104
8560
21371
31212
31607
21303
21175
15435
22202
17337
25681
14362
18222
15435
33574
-575
970
-25718
15515
40619
26417
29564
35098
21686
28505
42953
29448
20128
15435
33232
15146
20128
20364
41649
46779
44918
25928
33902
27621
34924
53999
9104
15435
22495
59623
38307
23933
69144
15435
24599
7237
49289
18232
23735
43766
9104
21686
26309
45778
22383
7237
62788
22468
15435
18232
15435
23557
6131
13881
15435
31563
26959
23232
18260
15435
32089
23880
32387
15435
34523
35161
15435
20070
27388
15435
18126
22640
39069
11663
25308
35077
12187
21905
35698
32186
34813
32387
27414
21686
25403
34924
15435
19242
18222
21686
15435
45778
35047
44876
34924
9110
20414
19730
33230
22508
40633
45458
15435
15435
17284
15435
26689
15435
21303
20128
-16242
40364
31040
15435
19194
15435
36078
12292
18810
22272
16679
29448
15435
45479
15435
61374
15435
17081
15435
18472
5327
59189
15491
38529
21303
38394
15459
39520
29608
51119
20374
33788
20128
72968
27091
50729
63477
46633
16350
15435
30611
21858
17004
16704
29560
31286
25681
5572
26300
46779
2714
52456
9188
45399
15435
41155
51119
41846
15459
15435
19683
15435
25308
28178
22391
15459
40364
18087
13605
19069
21952
23596
15435
21303
28168
28048
45558
29710
38529
21303
37718
21303
46779
23880
15435
25381
11663
24464
10935
42923
39255
65233
15435
9571
60066
14617
10655
9104
29414
58593
37747
15454
29304
29298
23547
9104
17907
22686
22697
15435
38310
66697
16746
40364
970
40364
15146
7969
16542
30176
23061
18708
36094
15435
15435
26930
20128
32869
17375
18810
24221
22449
32313
40364
19957
2667
52496
18632
25681
22501
18984
9104
19242
1800
32117
22468
27540
26476
17444
12800
27273
34924
22022
8930
23933
16426
32145
46973
14096
15435
15435
5572
15435
21303
21686
19957
9104
32642
36871
21952
15435
21303
16209
46779
20631
15435
25035
29909
18222
15435
20411
33320
15435
15435
33885
16243
25681
8097
21303
52523
25001
16189
19957
13151
15435
47903
21303
29890
16189
20128
2882
11072
24766
15146
21858
47145
60027
27091
29437
40542
18232
21104
35047
17444
19242
16189
21452
15146
15435
15435
34221
21303
25794
20128
29710
45778
20761
21686
9789
15435
23933
18374
9104
15435
66697
21861
38978
52164
23198
42093
23547
31215
29448
20666
25035
18041
63800
15435
15435
26746
23933
9645
45778
18222
23307
9104
31765
24693
26350
21303
24942
23866
26846
9104
21939
15435
26296
25905
16570
18965
15435
61228
30106
35842
40317
19242
30437
46779
18008
57714
15435
51119
34827
29298
21303
25681
29298
15435
27091
40364
9104
32103
34112
17366
16308
15435
20070
43685
31516
15435
25681
21303
47756
970
26889
40718
21303
24565
42506
33230
27303
14687
18008
23557
9104
15435
31541
15435
9571
25062
19441
3736
32186
34043
29298
15435
29306
17081
45311
18232
19985
15435
22777
21303
25727
18863
22468
32547
39049
20128
32313
45252
36293
15435
15435
15435
34341
16632
23875
21861
18432
20101
15435
38412
16906
35448
27124
34924
15435
15435
29812
51119
21303
21303
43685
19683
33228
25035
39008
20128
43121
28691
51355
15435
25303
55855
18810
28895
9104
48077
15435
15435
25308
34949
52749
18935
21295
10809
16631
17175
15435
18232
15435
42093
18352
42646
15435
21686
21686
25933
15833
18175
21303
15435
26476
49887
23933
21686
52481
26236
15435
63800
29255
21686
35441
18568
15459
53786
40373
23880
17596
11663
15738
60027
31814
34112
15435
20128
19349
15435
19242
23557
15567
20222
4161
33230
27388
46002
21686
19379
52077
21295
29969
36701
41155
14125
30585
16891
44452
13881
23880
6840
17483
31686
17081
11663
9104
37747
25727
3553
44381
2714
14034
32779
47077
15459
27187
15435
5938
24221
14125
17500
37559
34393
41155
20304
12673
25308
28431
22272
34221
15435
11150
24095
30585
9104
31040
20128
15435
21303
25198
16199
17717
35508
11663
18765
46779
15435
26985
28903
12304
48823
39018
21858
33829
51130
47616
19292
9104
55969
55383
32869
44290
36761
3944
31232
18516
17161
30086
15998
23074
15459
15435
16020
22449
9104
29084
24693
29812
11219
19645
16308
34221
15435
24221
14125
-17869
32313
27388
15435
19242
45351
20266
15435
14125
25035
9104
16020
24298
16076
20081
21858
25308
49887
9191
9104
51137
28895
17497
26638
32186
62483
19820
75115
15146
25928
21298
37606
21303
47604
11748
16602
15435
34192
47113
19189
9104
17444
40364
15435
25933
34924
9104
40252
45713
9104
37747
9104
11663
31051
22777
21303
28079
18325
35448
23875
70902
31392
15435
16542
25303
10655
21952
40364
23547
15435
15459
21686
25933
15435
19217
9104
2882
16199
21104
38888
18260
33287
21478
18260
14125
18810
16189
23889
32186
52013
40364
41215
32117
46779
43681
25403
25403
19957
23684
63872
29812
48077
26073
8392
20180
51119
33320
24553
15435
33648
35047
34924
36871
16542
32869
32369
11663
27072
15435
23396
34924
20081
19683
9104
15146
16542
22310
21303
48297
23946
25815
43689
29718
16209
15146
25854
23875
19665
30176
22773
70902
30674
15435
15049
16564
55216
56203
15146
21939
26294
15435
29448
15435
29855
21226
15435
13345
18222
15049
15435
26034
34296
23557
20128
34597
18810
42953
21303
19957
15435
26349
26073
15435
23880
25681
17242
9571
31343
9104
24483
18854
15128
41597
26236
22495
43681
2882
20128
30176
21952
18863
10809
13151
15463
32186
35720
25933
10809
15435
23547
15435
26746
18754
2714
24221
41649
20884
15435
27074
9104
49289
15435
35870
36352
22383
18260
22719
20786
24543
24045
7124
22773
6064
48077
18077
48139
15483
36900
27091
31102
20733
31926
39008
42116
15435
8324
25381
86315
32031
31515
31212
57785
44770
18746
36359
18810
46779
21686
18126
7091
30953
52231
22773
15962
7448
20298
19663
22495
15435
25681
21303
27303
40364
14125
28028
41623
26985
43447
24841
46779
14125
46416
33428
13064
31212
31212
31103
32885
27621
40542
20992
9104
9104
25869
11663
21303
52164
15435
15435
62535
47489
38884
31814
45317
23933
15435
28843
42624
19194
17845
18746
47489
9104
16155
29227
33287
15435
34758
54880
15435
30585
21952
18232
18746
9104
39164
31212
23875
26842
31212
51119
30585
27044
41297
30176
7481
21303
15435
28007
37576
29125
39791
15435
27388
11587
20180
35145
23933
22186
34612
26476
15435
15435
18746
23067
31212
48930
21303
15435
25039
15435
47305
22468
16371
20041
15435
6001
15435
31218
49315
20032
33320
35684
20631
30410
29220
27795
20989
32186
25727
15435
14926
23648
33081
36900
19441
39164
19217
15435
40364
31814
23547
15435
31212
10120
41407
6001
21686
27303
20445
31686
21858
32186
23547
25681
9975
15435
33706
55592
48823
26505
35145
15435
15435
21303
22161
32961
46002
25484
44198
25303
26638
16155
30557
30934
25681
33230
22161
12800
30466
37449
18746
35778
17500
24225
31212
11436
40364
18746
21030
49887
15435
38884
32949
46779
24076
9104
21592
19242
22773
15435
19820
15435
38084
21303
9104
26226
51119
11663
17251
25645
15435
25776
57221
15435
9104
21303
15435
15435
32145
20222
16679
26097
18260
12292
15435
40364
14506
39374
21303
19811
42056
21686
15435
48077
18512
23557
17715
18746
20081
43922
33230
21303
21260
9104
24628
37829
51119
22719
30758
38699
16199
20128
16891
29304
18746
40364
23933
21263
22773
26349
25783
31695
21303
31686
26839
36106
21104
25932
37829
29220
6001
27303
27984
15435
29220
23880
30176
32458
48071
10164
20565
56039
15435
58593
42949
26600
31392
32949
46779
31392
19957
15435
25403
15435
15435
20445
30176
25298
15435
38978
24070
26170
14935
24910
29145
31212
21303
45399
40588
20442
21858
32547
15435
16220
43545
15512
21686
18746
16700
15435
23071
33228
15285
45311
48783
16242
23577
23557
9104
23933
58397
16199
12654
31212
44087
23880
16308
42373
35527
20128
15435
17444
31102
31838
31515
40364
47737
15435
9104
19854
19820
29231
37339
19957
21490
15435
34999
31606
15435
17444
20033
15435
44416
19572
29448
6169
27376
41291
18746
40364
19663
15435
15435
17586
61886
46779
22570
29887
19217
65078
28849
15146
23557
37462
46002
62681
18746
51664
39162
58593
43407
16371
15435
38529
15146
21640
10593
28186
8859
15170
37632
30176
15435
17859
15435
10809
11436
31095
8859
26689
23933
52031
30291
26775
40364
31212
40364
23361
37943
17286
15435
20965
17352
32593
26220
8921
24687
23577
24942
46779
27072
29220
41258
34678
35777
32145
14658
44797
29941
15435
30843
15435
18440
44125
42988
12654
39580
26417
30176
37747
23577
25727
15435
21686
19683
23329
38603
31705
15435
43407
22468
28613
35448
19051
24916
30717
15435
15512
15435
26151
9571
42852
22182
26349
15435
30176
49752
51119
10711
26985
29220
39283
-7586
31484
23557
48492
46779
23880
28895
31606
15435
41891
33146
30758
26775
60027
20128
42210
31212
23933
48821
10651
9571
23577
29554
27838
31212
23875
19111
27303
14901
9104
15435
34949
15435
25403
44968
29699
17324
45787
18863
17603
49494
21686
28319
25727
20962
33320
51119
31212
60332
51065
20733
47489
32186
16189
15435
18317
42741
18746
55592
23547
30843
25645
18260
18260
17510
32654
15676
15435
26600
29941
15435
21801
30843
21104
18652
29448
20128
28272
31212
30637
27388
40364
28864
15435
34043
31515
40364
53786
22272
30176
32586
15435
26971
47489
46779
44796
32671
18935
23577
24177
20187
15591
15435
15491
17612
32671
33277
19883
21260
46779
15435
41744
15435
23127
23577
15435
49933
24513
15435
25062
51119
48071
25869
48540
19292
31814
15435
15751
40020
18568
28858
14125
15435
31212
31212
15018
25303
48821
25116
18746
23875
43850
27303
24006
23933
15435
27091
32387
15435
10940
15146
23577
18810
22328
46678
16752
47341
18317
33727
35777
35202
46779
15146
75262
11663
26600
18746
39585
24716
37143
22683
18008
14926
32186
40910
16789
31212
43121
43604
26901
33386
9645
19242
22248
15435
6001
22570
32117
32063
37169
18746
38674
23933
20128
22777
23175
15146
21952
51795
24286
25343
15435
13114
49171
32671
15435
21952
10068
31296
14034
17535
21842
18440
20128
23577
20070
8859
15547
11209
23183
37720
32186
15435
44076
9104
27303
29448
24730
34949
18260
23636
22272
20786
23577
44918
16020
29081
17444
21478
32041
31686
13033
20884
25533
27730
22272
30176
30028
42620
29233
14222
29688
31392
15435
18746
23577
42892
29688
22272
21444
15435
24006
22468
48930
43850
24992
30743
15435
23618
32186
20445
50968
21686
18746
18746
9571
26097
14034
41226
37469
15435
16923
23577
35372
16020
15435
14506
22352
72344
31212
12437
15960
31044
34673
35448
31365
21686
31212
18232
13686
41812
16199
48072
28003
24126
9104
32409
19830
22272
38014
23684
25308
24476
23933
18746
42055
26746
20128
16995
30176
18746
31302
51119
17070
42892
37576
47489
18607
15435
23557
25303
15435
42064
23577
8978
20574
17135
38747
27067
30764
21686
48786
48793
15435
15435
46779
21017
23577
29360
40633
24483
15435
17688
15435
49691
44770
20180
15435
29233
24126
22272
29162
25035
45506
35047
45713
14506
22278
9104
17081
54183
38310
40317
15604
20128
20743
47752
28858
40364
17990
51119
16580
15435
31212
27070
15435
22697
19665
22272
18810
36170
17081
22773
28794
15435
31044
21512
34760
45399
31686
15435
25062
15435
39585
50432
31212
15435
15435
60066
23933
23577
20884
14125
26054
28477
15435
25422
51432
36911
26417
21686
22248
29740
51119
24006
17000
69144
30701
19645
17352
18607
27091
33411
11663
25422
9104
847
18428
45638
29233
40364
9104
41449
58057
23547
22891
56916
31212
18260
23198
16617
17904
15435
51119
29220
23875
35778
15736
31686
34673
47604
59623
31088
21686
18019
53551
14755
27303
43798
53797
40364
32186
46779
23875
21686
15435
23880
32186
17688
38034
22773
27091
23875
31302
19367
20679
58658
14125
36935
16530
26746
51119
33558
20774
15435
23577
15027
45564
17112
19765
29125
19292
16857
25062
23577
10061
15736
21267
15435
33923
30651
17122
9104
23875
10193
31168
47737
34760
15435
29448
46779
23357
20180
21104
19765
53551
14125
26235
15435
29233
23547
8859
9104
23577
18935
23577
46349
34673
9104
15435
29659
21180
15435
36825
24211
17112
7448
16585
23547
14104
32798
24006
16189
13215
38394
38394
15435
32586
15435
15435
39255
15435
22310
31646
41871
40364
29140
18746
35493
51119
34673
26097
43121
23577
21801
35153
22468
41345
50169
23787
9241
16542
15435
15435
18260
34673
46798
23880
17112
26959
22773
19217
55869
8859
23577
15435
15435
19306
15435
15435
29442
26957
36078
31686
22487
15435
29140
20180
47413
23153
26167
15435
23577
36935
9104
38710
30302
23577
15435
47413
23577
29233
13473
25329
24910
14034
11663
19242
18810
16330
15435
15435
60600
42506
24225
20743
26236
14125
25651
58168
23719
6169
47413
9104
25190
17112
58794
33228
9104
25532
30599
36935
28673
22272
31606
32102
18222
42309
53655
19306
36935
25236
15435
20266
19111
15927
27591
44736
21104
53828
30028
31212
50002
34981
23577
34673
58168
38321
29940
23557
25447
35748
14125
37449
23577
15435
29477
32949
15435
32442
29220
29448
18544
31212
29437
31605
24809
25165
30037
13041
57781
9927
21104
33686
32654
31814
28883
22487
17112
15435
32409
23030
29940
56916
48071
25025
9104
53828
17324
27623
15435
52637
17356
47413
15435
18222
24211
71794
15435
34673
53828
54940
29227
42048
15435
26417
19306
24781
6169
15435
19765
19665
35812
51432
27124
19665
24558
20180
23577
23577
18232
13066
34673
31515
51516
21104
19765
19273
55855
24211
26417
18746
23577
27852
36900
54183
26186
32186
27091
36900
20874
27303
15981
15435
47413
24229
9104
34673
42631
25017
25095
9104
22773
36823
38674
23577
49903
40482
22773
26838
46349
55855
34673
30999
15435
9104
55300
8954
37632
18232
19765
48461
37747
16831
32442
34673
21265
24211
31515
28930
25063
17356
32607
20630
9104
23577
39164
85093
17020
15927
51516
15435
29231
11192
25205
19229
34121
15146
27091
25236
16542
25532
15435
32409
18746
27295
31212
15435
15146
15435
16322
35779
33392
23175
15435
10400
15435
14506
23933
15435
27091
28864
35493
23577
31212
19306
21104
16677
11991
30525
22968
21997
77020
23592
53828
23660
36701
22259
38674
21686
38747
17242
23030
36900
22580
22272
34838
31922
31212
25422
54538
15435
29255
15435
31641
32949
41663
19765
48072
15435
42506
25700
23577
9104
23577
24211
31668
20603
29475
23577
66813
24225
20884
33665
49373
23547
14125
26957
28376
19645
21686
27623
26976
34673
23577
22490
33946
15435
15435
24450
66730
39255
22468
15435
31212
32186
35812
15435
73727
20180
23577
15624
18222
6169
38888
17510
11436
15435
38412
44794
17955
28723
31212
52831
29448
18746
16995
26476
13473
68454
31212
17112
34324
48491
26417
23577
34545
24450
48491
23547
17112
49017
30611
15435
19472
29506
32186
34363
28608
19725
20786
21511
23547
8954
31212
53396
16308
60140
24286
9564
32182
18746
25034
21104
39255
42076
44769
44137
42582
19854
28426
31922
29940
15435
29940
14733
23880
19939
23369
25644
18215
15435
19695
19194
42048
51547
15108
24813
15435
9104
31473
18746
23577
16654
17688
29448
48491
29940
7448
32041
34159
9104
16155
27237
55854
17717
34673
9571
25179
23560
18746
17603
23967
14961
34673
41891
27948
17356
15435
31891
20849
15435
35047
26434
14533
18512
15435
23577
17112
36234
15435
6840
26417
15435
23894
28299
9104
49948
34673
34363
29360
15435
14506
31095
15209
9359
11991
21501
19765
23577
22982
29220
25532
16086
32186
22995
19665
15435
15435
23577
12895
20044
31168
30651
34673
31212
34159
33848
15435
42076
23577
42076
25210
26959
23547
38310
16677
31212
8859
26957
15435
18746
26947
22570
15435
11587
21916
55869
16308
9104
26746
23055
11192
29233
22468
52831
52523
38823
15435
22055
29437
14506
55263
22184
41247
34159
12331
9104
16789
15435
10174
33142
20760
42064
21030
16935
53617
23818
46179
21104
22673
7448
19765
48491
35822
33142
23894
15435
39211
42076
23738
29448
21952
22490
28091
30703
18746
28930
31212
42076
30934
36596
18538
36935
29940
21916
20368
15435
23369
17905
21478
29259
32186
15435
8032
53934
15435
27579
52831
18746
27713
24280
22490
52831
39255
18746
28178
43121
14506
25039
14006
9104
12870
15435
18122
10178
-3337
30611
11663
35778
26957
15435
15435
33230
41501
31343
43121
34646
25035
33906
34673
13473
30791
31686
33350
26600
41082
18352
14125
35778
26746
34363
23577
15435
37066
36935
15435
15435
61476
15146
23369
16255
24621
28319
25035
52831
23577
25037
15435
15435
54656
50518
29506
25487
29448
23577
15435
17955
58362
34673
29233
32186
18869
27066
27843
22773
24513
30749
41632
15435
43558
39179
30504
20935
34267
22580
29523
15435
15435
29211
24621
15435
21966
38595
30072
15435
23933
37040
26765
23175
42056
23860
27980
52831
8305
6131
37015
61476
56244
13417
28550
25369
9795
27395
63319
29437
13041
48491
15435
9104
22891
22468
25367
31484
38411
28376
43563
15435
11872
53814
33232
25312
23577
34535
60732
23933
23369
30357
38888
19765
20147
19356
22773
28747
19398
23278
18874
23577
14104
26600
15435
15435
16446
18222
30357
36112
26492
58794
16242
23577
15435
40899
15435
30703
26417
18222
47347
32617
15127
36547
52831
25587
12431
36935
18746
29125
28059
25780
20266
18746
34629
15435
28178
30155
66730
15146
13293
34673
15435
31212
19765
9104
15435
19173
16542
50518
52831
49201
15435
38905
28232
14926
33184
52831
19765
29448
15435
19367
29448
31484
58658
45850
29642
21952
60027
25664
14506
43850
29094
17081
50535
23738
19343
18538
31212
19213
14506
29448
18284
23369
32008
23267
23577
35596
26476
31212
24471
34673
31212
45713
25345
17905
32186
23369
19900
6169
20629
37515
23577
29448
34647
30067
21104
33350
29706
21525
15146
29448
29081
30932
20629
31083
39164
15435
53814
37963
15435
15435
25608
32949
14733
6169
33848
22468
23577
29211
19755
15435
19875
46630
15435
42500
23577
42949
54481
25638
18803
49201
22468
26492
26215
28270
31607
28723
31212
35360
45568
15435
15435
15262
33133
19213
53617
7753
30085
22775
51083
35047
9220
18746
18538
23577
37789
52977
15435
23369
-19170
29450
15435
15435
28892
9104
42076
21488
41397
26647
62888
46630
23703
48491
20786
17444
25249
11991
32186
15435
15435
24606
20565
47158
47111
29081
17905
36032
34673
15435
20549
48491
23577
26957
15435
36547
33749
28102
9104
52831
30819
14125
32186
55300
48449
15435
9104
10135
15927
15435
17235
16233
23547
15435
43094
31212
30536
15146
42076
58593
40758
38757
15435
15146
28192
15049
32616
39047
15435
19367
15049
15435
15435
15435
20155
13366
14125
15435
60263
16233
42622
15435
26892
40019
23527
16371
15435
31212
45950
16233
22956
31212
24841
18746
38327
26775
15435
22328
20849
21002
46630
25664
9220
15435
16233
27657
23577
24409
43714
10701
15435
17444
47917
41281
22775
29081
28037
28807
13092
37775
18746
15435
27373
44665
33844
20786
22309
27078
6169
23577
43850
34363
33230
26957
15435
16199
15435
22309
45777
43558
22940
29954
31347
30376
16434
23787
20976
36935
30819
29509
25035
15435
43121
52831
44665
63203
11587
19883
43118
25664
36194
24750
22468
33317
52673
29450
21952
19820
18816
44773
8697
15435
31212
34673
38463
6311
21478
36120
22956
31212
15146
32607
19069
59623
38200
26957
47718
16233
14125
18754
43216
32617
31087
24464
31212
24238
15435
34801
43647
15435
15435
24626
56698
23557
42076
35822
15435
32596
29125
29450
42076
42197
17444
30749
34673
18746
18746
29450
22775
29255
39008
46633
35387
18222
31607
22775
31212
15435
45713
23933
29360
22891
10471
25579
34648
17905
46630
24596
28059
23933
84245
41082
52198
44489
15435
15435
15435
24658
42892
31531
33133
31134
34728
16086
15435
30703
28807
31212
19883
28807
36363
37374
23577
38803
33762
29360
49935
18874
31212
26647
50518
28969
18183
33061
18347
26957
33946
19504
43999
34673
17295
51811
38117
37805
31212
20988
21952
43850
13893
14104
14125
42076
17444
22081
42197
15435
32186
30357
34535
15435
26381
21229
21062
16020
23577
39164
34648
30344
40854
36032
23276
33133
15435
38476
7958
15435
15927
15435
23547
9795
35736
52831
10970
23860
15435
45135
21390
15435
20786
24464
42309
13090
32387
24750
17270
30613
32398
15146
31212
31212
15435
83445
15435
24423
42076
43424
25134
27395
78245
49449
10135
38529
80490
42595
17704
42622
48491
16066
15435
16677
23280
22113
15435
15435
34648
43407
15435
29882
51547
20962
44263
29450
44166
27124
15435
34673
16233
32186
25674
31212
20044
37499
52795
22446
22161
17792
21887
17725
15435
39164
42076
50535
36935
38200
26976
20442
17183
44006
33133
11901
17143
23276
29450
16860
11569
11392
19567
42076
34363
38711
18803
23138
23967
20760
33133
28321
34673
48491
44006
15435
18746
31212
16677
48491
27713
69895
15403
15435
46351
16199
45557
19707
39179
29450
9104
36848
21115
34673
38560
25202
21150
20629
28180
30178
35190
43850
52673
13041
46050
15146
16199
9104
27762
38561
31922
34563
15435
15435
31153
20442
25674
36363
30613
52831
17272
42076
15435
48071
23577
27948
17249
32599
28895
15801
17295
33994
18429
15435
18746
15209
31212
15435
15435
18874
36848
23577
15435
22468
28807
23612
18217
33133
15435
31241
11991
30731
15435
38757
15435
22956
28895
28830
32186
19363
15435
22700
34673
35232
15435
44773
51643
29706
28319
15146
27843
21649
23577
52831
22079
28059
18173
48449
21952
15146
17112
27860
21463
25380
31158
26179
17725
23830
26592
15435
22297
23547
16911
43164
12767
31840
31212
40379
28895
34673
31212
36692
23547
23577
25249
18746
16935
24750
14125
8859
22113
34410
25674
15435
29450
42076
33686
48449
23280
52831
24524
18220
6169
21754
9104
33133
42076
29506
21952
51386
25539
27356
15435
46630
15435
26976
34267
16935
23967
34673
18746
28977
17500
23789
15435
18222
16233
8859
32008
23547
38577
42500
15435
38710
38476
30014
31212
50654
15435
19052
23155
18488
18532
22468
15435
23818
29425
22468
27056
35740
15435
22589
9104
12990
17444
15435
27993
42525
29233
12972
23442
25674
27980
23547
32249
17270
14125
23577
28178
34035
29233
22775
15435
14506
15435
15435
26901
47756
42076
33915
9104
15537
26647
29450
30110
21858
16233
28016
23369
19726
31686
42076
18774
34969
21754
15435
23577
18746
23369
50171
31686
7876
15435
15435
9104
30703
18353
24766
18746
31212
18746
46757
31531
44416
21952
17112
21478
26856
25345
26957
32186
24479
15435
15435
22775
15435
34159
29509
43750
30749
11187
46652
32186
12292
41473
21390
10178
23577
20629
10504
56823
10906
31212
48491
52831
17792
16995
28178
49966
43711
29288
52481
42076
22468
15435
23577
33133
21952
31212
26049
23933
20893
35832
15435
38532
15435
26704
31212
9104
26179
43121
26745
26136
43923
15927
32979
17202
42076
42076
18803
23369
16233
12292
60140
48491
41397
15801
23577
23827
29233
30613
23280
29383
51305
29930
34410
48491
29642
34673
28034
52831
21952
17485
22383
26896
15537
42309
48527
34676
18750
15435
15435
34267
25421
46630
18746
15435
25807
15435
16403
29450
20368
19811
18816
49183
33133
22986
21316
34159
23577
41473
46479
33048
30072
9104
21754
40759
31152
17270
21894
16446
31212
25369
15435
35903
17768
25674
15435
50518
15146
15435
41015
15435
27395
9679
15435
23557
19966
5783
34748
23577
23687
31212
15435
52077
15435
23280
26622
26151
17500
45534
33890
25780
32819
16199
13524
45950
9104
35835
27403
25579
39119
9104
15435
31212
17792
45311
31212
16679
33689
36363
17107
8859
15435
48408
21743
41814
45817
30585
31212
23560
42500
17905
9104
32317
19966
19645
18774
19824
40305
32139
18222
35835
13069
17249
15435
33890
13905
34267
15435
21858
23577
53888
25304
28110
45179
13815
17084
44247
33133
10135
15435
16233
15435
28228
37062
24455
16679
15435
48157
15435
23787
43457
30258
10701
40305
24501
29450
15435
15435
23547
33232
9104
22956
41814
18746
15435
19902
29450
23577
27912
9104
41370
31212
16542
40305
17249
26151
15435
12767
31761
33890
18746
22956
38552
37374
20107
40440
15435
31220
24501
38444
29255
9571
13524
26750
16542
34673
33890
14506
27356
55109
15435
38444
29467
15146
33218
9104
70256
28843
42892
21501
31212
41015
47147
20786
38444
33133
15435
16758
24606
15435
13090
23557
15435
48299
17792
23347
26704
33133
29642
31686
17357
23577
15435
25664
21952
28883
31212
35596
44645
31153
29450
18746
34384
19220
46975
38552
15435
15435
29125
26231
22468
20368
31083
29642
23547
15435
52739
27837
29737
18746
15435
50351
20774
26957
33890
29992
38529
45950
39667
37083
15146
23577
23933
31343
15435
15435
34563
38692
15435
24881
17792
18222
37374
43717
15435
15435
16199
33133
43815
33133
15435
31882
22982
25369
36848
21235
15435
53404
48157
50441
46798
17792
14125
21952
36237
19903
29653
31840
18746
29450
38552
33218
15435
15435
23577
36363
33056
15435
26704
18774
15435
46757
27782
55882
23280
18746
36363
44645
24626
18347
66730
38637
44645
29450
20621
26957
27760
18746
33855
12767
35927
36871
22081
41146
51754
31134
48756
44645
43361
28930
16530
26476
17444
16199
16199
29450
33326
42526
31212
52202
18222
30613
29450
16677
29437
23577
33056
21269
27246
13417
41677
64194
24362
12574
44645
30159
26071
20075
11991
26235
18222
72304
15435
30014
15435
24914
11826
31212
24423
16446
23577
9104
13022
44868
15435
22775
15435
24750
22775
15435
17792
30204
29450
30159
52530
45850
15435
14755
15435
33890
25638
17725
22775
32186
15435
28228
16233
34676
33890
27880
29288
23577
22468
17112
24766
24414
15262
23547
36584
15435
29450
8859
28228
38637
50629
48500
20621
48157
40305
22775
24750
9104
30159
21952
16233
30159
9672
24958
20574
33232
18774
33727
22468
22343
38117
18746
42517
38552
12224
34673
31347
22328
15385
42309
29450
16909
34400
22775
34673
31004
36158
15435
48380
17954
15435
45533
73494
15435
16233
23577
25780
49182
40305
17792
23577
15435
31891
15435
18532
24157
18598
32996
25900
15435
13893
15435
15435
51083
38532
28321
18746
49273
34678
26553
30159
41639
18411
22343
36363
20246
29952
24750
36866
26750
32496
18411
9104
33079
36866
22589
18411
19518
18411
34673
33871
38463
27756
40939
22682
29457
36703
32886
48299
22775
36871
24501
18746
41473
45429
18242
26553
22314
32616
33871
9104
26553
18891
47127
18411
64632
20178
29450
23798
24423
30159
27709
31906
25551
19653
54010
34673
18411
35475
17873
18411
18411
34673
25444
20680
32771
10490
31212
56698
83503
18411
43281
34958
18996
26553
32771
39134
21952
9104
55882
21514
41639
19887
42047
83503
34159
36871
18411
28995
22775
25674
29992
18411
9104
36363
21544
20368
19518
21952
11075
53823
53823
21062
37652
21052
30159
18411
33079
19175
27912
43068
29450
18411
18411
57572
18680
44868
36080
24693
64632
50995
2206
32496
50629
45834
18411
49483
18411
9571
29094
6001
13417
18411
25780
27395
26414
31212
18411
32101
35972
31212
18411
52297
31212
26553
53823
40759
29967
18746
18411
29967
26553
22495
31295
57502
10701
14359
29100
21145
31212
19420
18411
7988
19161
29450
18411
18411
86677
18411
18411
29197
34673
20577
9104
29992
15871
18411
23726
33547
24104
18411
18411
38540
42892
15262
51133
22639
29992
9104
37159
25444
16233
43610
29233
18411
23933
36701
18411
39770
26215
22775
32249
35387
31526
22081
30538
29437
38052
16233
23787
61132
14125
47752
31212
43068
24501
27226
21633
20611
44345
48071
49513
22956
24454
17735
42871
18411
42840
17905
29450
52739
29336
18411
62806
34673
16449
30613
18411
25444
18411
22702
34400
25359
29450
24942
16233
27317
31212
28742
27452
18411
42500
31851
29450
31212
31906
9104
32249
20178
13096
49849
9104
27740
35502
54102
53280
26215
36032
18411
18411
46303
53823
35527
26553
18411
15146
50441
32317
18411
29992
31668
31212
15146
22956
29952
18746
30179
21216
32414
38552
34673
18746
23982
30157
24999
20221
33738
18411
26553
31104
42895
21734
28753
18411
30204
22800
15268
830
24423
18411
16233
49483
25369
34867
32597
26735
30204
22775
38552
9104
38552
26553
19194
27725
38170
26004
24942
26553
15207
24260
28640
18411
18411
18411
9104
30613
39255
43163
18411
24750
26148
23597
13664
21514
23418
36345
26553
26031
18411
35909
18532
32482
34673
20730
18411
33084
18411
18411
48722
12936
48103
25780
19150
18411
23597
30159
18411
18411
44136
23955
18411
38745
18411
24225
26553
26553
48301
23983
32186
31212
18411
30613
43068
27395
27850
33
18411
41903
830
90954
49483
23789
25487
18843
25444
9795
61673
50171
33061
17792
32186
43068
22746
18159
34673
15991
49483
26957
31473
37385
31670
15268
23527
18411
30813
29233
18411
22851
19196
26553
10490
61132
60069
16013
49529
18411
37503
28574
36920
20368
31212
18996
18411
41291
46372
31212
18411
29380
22555
18411
29155
31526
47343
14925
20512
18839
24455
54935
49618
23280
27657
13041
10041
18411
51133
29902
9104
53823
39329
18411
26553
28336
36351
18411
18411
26784
18411
31607
15146
34678
19367
64464
30613
53823
23955
19052
62542
24363
53686
57572
26553
13041
43068
60548
18411
29952
30613
36363
18411
10791
22375
31438
13041
42309
49483
36363
18411
22581
18411
18411
61132
53823
23550
15268
22775
54535
19645
18242
18411
26553
31686
18411
15084
29019
26553
18411
31212
25444
19888
24719
20512
26553
11717
18411
15146
33650
60485
26553
18411
18411
38552
36345
18411
20988
38552
47849
22942
30159
60698
28527
29952
33787
18411
34673
18411
26553
29992
36237
36069
29336
18411
17413
39824
15550
18411
18411
50441
17038
27740
17453
22775
20685
51133
22775
18411
53682
18411
49483
18411
17444
20471
45378
27248
49483
47478
36237
18411
19887
24423
47225
22775
9104
18411
21397
23022
35835
30821
17152
18411
8419
25755
49483
15146
24364
18411
18411
13041
83497
22589
37091
31212
56604
22081
53282
16083
18718
23765
20893
45817
25674
39602
38692
16881
34777
38692
46539
36363
29992
27409
19025
30159
2731
18411
23982
29306
31526
56604
36237
35434
54730
27516
25444
38222
60121
18411
34569
18411
6001
26553
23280
39874
6169
10751
47849
31659
22775
22081
15146
42854
25681
37014
18411
23597
22804
29205
15262
18411
40540
24076
37083
20997
18411
27205
18411
43942
26047
15775
38222
48071
41077
31245
18411
34673
46975
26192
46267
18411
35633
18411
36363
29992
18411
26215
18411
18411
9796
36363
9104
25444
43121
26553
38532
37159
33187
35534
38047
15127
39602
6001
42200
36373
43942
49513
19279
8759
31212
46267
19367
22343
40417
30159
32204
24239
31473
39523
18411
21952
29019
13090
25793
43942
41099
34673
45154
33689
16233
53711
35434
26794
18411
18411
45850
22775
22343
18411
51439
30159
29437
20368
18411
8759
25359
34673
38552
39164
32186
26553
43942
36377
39069
28573
25444
33187
18411
29992
16233
46267
26553
18746
38428
30159
36502
37775
19656
35434
25369
27959
19567
30204
18411
24455
28722
31212
43610
36363
26553
28586
18746
45274
36237
49765
35118
81073
19025
18411
25880
32186
31212
37032
23933
26231
30159
79824
25444
33187
20300
34399
35434
26553
31436
18226
18411
51251
27599
18411
21106
18411
37032
29180
26791
25793
15262
46743
23547
34051
54735
23597
18411
18811
60672
25793
34260
18411
19150
28830
20178
30147
9104
26553
19518
21305
14506
38170
55581
42416
18159
39602
44380
39602
26640
33187
34673
8859
43942
13664
24766
25793
22581
24942
31212
45953
36363
18411
45953
40084
13090
26252
23597
23207
33187
51133
42388
18411
18411
43121
18996
21514
26815
37694
830
35774
29990
21952
24750
42309
20246
18968
27540
25249
29532
30159
22956
26429
24104
31620
21422
10377
39181
62155
42309
46580
31816
29437
18411
39602
29233
45009
22956
14125
18411
22775
27658
18226
21952
18411
30159
34673
22297
18485
18411
15978
35763
29437
36377
26957
29094
33738
24942
27399
26476
22297
36279
13634
18411
29233
18411
45953
19567
35983
27837
33443
18411
26553
18746
35763
22271
31089
39874
34780
26126
31395
23533
22765
10701
14125
24750
14933
19807
26553
12178
10003
15550
18411
18411
46798
57167
48217
18411
29575
20730
18411
27338
49315
35740
46123
25790
33605
47263
-5668
26957
45953
47849
18411
21959
18411
35232
30613
36672
18411
9104
41310
6001
15676
11178
28107
22389
18411
50493
56282
39874
27923
19017
27582
17688
22775
37092
15262
18411
24239
12767
18746
44321
44273
18411
35327
29348
32033
7575
36087
20988
22867
18411
18411
19807
39824
27756
23597
20178
21101
18639
28573
31902
41473
32101
26553
18411
30159
18411
47968
32186
18411
31084
27985
25444
14125
26553
48844
32886
18411
22775
34399
18411
-1027
40683
22731
42840
26957
46123
35763
18411
43121
30159
18996
15146
52555
29438
37047
15146
34020
21044
48756
18411
31212
45030
37605
24750
26553
9571
18411
40759
26815
29233
29357
49573
22804
22375
18411
22851
36270
72033
17444
29773
18411
39616
26553
42840
35763
32926
26553
15146
30072
53280
28252
41588
5455
22112
18746
18411
21833
22775
31754
28648
22775
31890
18411
31851
9795
31902
25039
64005
18411
31212
43121
10137
34673
19546
21959
18411
26813
30919
55578
15273
44235
42517
34619
24754
44946
27770
18159
8759
22775
25674
25960
25267
18411
43322
15146
22602
29898
16449
18746
27923
45135
18411
17905
18411
44930
42169
30931
49138
18840
26553
27008
9104
18411
20395
22942
29205
34208
45604
16233
18411
29348
22636
12767
29047
42269
18411
33232
18411
24942
46416
8759
61673
20042
46093
18411
31842
68345
49852
44502
18411
66432
19548
13416
46424
42155
39639
21237
20730
34673
21952
26553
16756
32749
30076
20719
41692
51617
25916
31902
6758
20864
34400
46006
17954
18411
18411
46770
64639
21639
45953
22166
18411
53668
52477
29563
22775
35763
36310
22604
22954
30159
20719
31212
42840
17644
48758
18411
21952
18411
29348
32249
34673
25540
24750
30159
24750
18953
25793
9104
43845
18718
18411
15624
45953
18411
18746
35327
33902
18411
26312
15146
27407
43443
29155
51133
29348
32309
34208
34673
21514
13649
32150
62809
57207
18411
36293
16233
20756
26553
31111
51085
30372
9104
26553
27205
13090
6001
22375
42195
18411
4049
18953
28179
39244
16233
24750
24942
18411
34410
52530
26933
18411
8859
22775
26553
31212
18411
31151
40071
17688
46416
18411
40854
15146
18411
26553
18746
38540
19194
22946
46151
18411
27579
16155
11283
18746
33154
18411
26957
20075
35774
27821
39881
32275
33232
19902
29348
30072
42840
22604
45604
24454
38445
18411
35502
18411
29809
45604
29757
30321
18411
26553
20147
24766
51044
28252
18411
28998
30959
13417
45030
22602
18411
29190
31902
23933
22970
18411
16881
42169
24453
22775
51133
28557
9104
26553
26215
40071
46093
18411
62888
25035
30159
26968
18411
39634
23929
18411
18411
39874
18411
40308
18411
30159
8759
41607
18746
25444
17183
18411
30873
18411
40446
29155
18411
18411
14401
50207
29523
22645
31377
25747
22543
20100
18765
18936
23730
47954
21434
11136
29613
27378
35154
18895
14401
36697
27017
29153
16709
31753
20940
14401
34091
29892
11562
14401
22669
34435
32861
40926
22543
22916
21025
19587
14401
4849
5094
11136
31586
14216
11136
22466
10643
14401
35624
26149
14401
14401
31711
67688
23389
21262
14401
14401
49485
31541
14401
40479
17758
9080
14986
11136
50720
27202
42755
20756
2159
14401
17942
14401
10915
14401
54020
18505
21664
25223
22543
58150
14401
21025
1709
24544
27378
18768
27202
33149
16211
64232
16664
56326
28000
26149
14401
38217
25237
17941
21434
21783
27892
29892
58485
22543
26062
14680
22543
27367
20147
44741
13169
50720
54629
2159
13782
14401
13837
5094
14401
41943
20932
39177
22404
31753
21349
22543
22420
22601
27202
14401
14401
14401
14149
19537
45896
14401
18765
21664
16269
28916
22543
14736
19582
11074
59853
18768
24227
25338
17535
17024
11136
18173
5094
23997
34055
32754
38507
20443
22543
34717
20760
14736
8757
46013
14736
45370
57663
18765
29723
33942
26010
19462
14401
39618
22781
21029
36226
22947
14401
43969
17504
30663
22543
9031
33159
29728
56326
15333
59273
41943
-4989
23730
24387
21783
37335
43839
52605
22543
13678
8757
9407
23465
36007
31753
78698
33595
14401
42835
20932
53666
14401
26909
17724
27141
40953
32603
21025
12480
14401
14401
21951
19087
14401
14401
21777
1991
14401
4388
40479
20443
14401
38612
20740
-2600
56948
19657
54804
17518
19537
41943
32590
51673
25090
27892
19777
27367
22543
24665
10115
18384
30663
21025
27141
45755
4274
14401
14401
-3964
20953
19657
27202
22543
27378
14401
30706
36061
34169
42576
28916
16709
21783
30663
14401
22439
19514
30663
21867
22543
42347
22543
29861
35624
26362
27202
19919
44289
11084
14736
14736
28299
35814
14401
23901
29481
41943
17942
57022
11518
30663
44738
14401
22805
14401
14401
27463
5094
32917
18765
48471
18765
26045
27880
27202
10142
22401
28965
47954
25338
14401
22543
14401
26149
18594
13380
19537
36749
33805
27235
18765
12223
42803
14216
21025
34735
20932
28176
18365
26149
14401
28049
37259
31753
25640
23819
46161
14401
26149
14401
14401
19923
15888
-179
14401
18472
20675
33951
14779
25338
14401
6691
10115
28141
28176
14401
14401
17942
22543
61168
27202
27939
36061
41594
28629
26412
31134
22543
26149
11368
14216
14401
22294
25338
25338
22798
21037
24145
25338
44289
14401
31753
24698
25338
27333
28739
11136
18765
14401
14401
14401
24731
14986
-4989
26149
25338
14401
26140
31492
35154
14401
23246
30250
31753
28472
29158
25071
23647
14401
25338
-5229
13434
7065
29244
14401
22755
22630
21978
14401
14401
14401
26548
49150
22646
35228
39324
1991
14401
28597
14401
22947
26045
1034
26149
18579
14401
22543
21349
30717
12223
20756
5561
14401
18765
23924
40202
18365
19587
17061
14690
22070
27806
31536
11136
28172
68063
22543
14401
14401
23608
43548
22543
14401
14401
27202
40953
48520
21037
14401
14401
35088
26169
42968
27806
31753
16032
4478
24967
14401
35234
13895
27570
36061
20760
11992
22395
26565
38941
18765
-4989
35088
2159
24731
21783
14401
18095
34355
47165
26054
15184
30663
33073
18932
42968
21401
36214
29905
30763
37573
39550
29173
31586
24967
16032
42713
36214
14401
14401
14401
21025
22004
21025
22947
21434
47123
41690
36298
32368
28176
6691
29132
46854
18505
57663
14401
43493
25170
40541
17257
22466
35234
30663
16709
35624
23924
17942
21799
16709
25223
46818
20444
-4989
37425
22543
29221
31350
35088
43402
15255
7644
25338
14401
38371
14401
29132
28739
22797
14401
14401
25799
14401
21434
13593
19012
17504
21978
18732
2159
21025
49368
41713
19923
10115
37457
12324
17498
45370
14401
18620
64931
14401
20353
23726
14401
24145
14401
26684
57390
27816
28176
14401
14401
4349
36083
16288
14736
22466
10971
14401
15015
25982
30250
47435
24630
10115
26536
20006
12871
19923
16097
27516
22466
14401
23385
14401
30663
37897
22543
13145
26149
17993
22669
39870
20467
37840
39618
17326
28989
-4989
37259
16129
34738
27202
29683
18472
30663
11791
42490
9080
30813
58145
36530
19923
28876
14401
67688
11117
46113
5094
22543
21381
18765
59853
26123
23994
26149
14401
19537
22543
48171
28597
23975
26149
31018
26248
29646
21728
16950
37360
30932
19537
28176
16709
26149
26045
24749
27787
8263
35864
18248
